500 50
600 50
500 150
600 150
1000 50
700 250
700 50
500 250
1100 150
1100 250
800 250
700 150
1400 50
1100 50
900 250
600 250
1400 250
1400 150
1200 250
900 150
800 350
1300 250
1200 150
1000 250
1100 350
1300 150
1200 50
1000 150
1200 350
700 350
1300 50
800 150
1400 350
1300 450
500 350
800 50
1000 350
900 350
600 350
900 50
1000 950
500 650
500 850
600 850
500 750
700 850
800 850
1100 850
600 650
700 650
1300 850
1300 550
600 750
800 650
1200 950
900 850
1100 650
1200 650
500 950
600 950
1400 650
700 750
800 950
700 950
1300 750
800 750
900 750
1000 750
1200 850
1200 750
1100 750
1300 950
1400 850
1400 750
1100 950
1000 650
1400 950
900 950
1000 850
900 650
